9.655174237620278
7.503187894170448
-8.479747085819593
-3.502326288913864
-0.8698291635401741
2.028861614977273
-1.432776073273596
-1.0768420545407387
0.6800387956327708
1.1040523549999999
1.5380354092872
1.06457
-1.01894
-0.9767943715778551
-0.5383947838
1.86045480291301
-0.3938088640113247
1.9887100424312152
-1.126604411584489
-1.565009425637361
-0.3894485490458031
-0.8157973955753022
1.740795172651558
1.0604397966860715
-1.3742097357925145
1.06671
1.015018104665371
2.291536539
-1.50278
1.7750297754
4.01354141376948
0.292416174313842
1.5724443810397803
2.0505270577996866
-1.1180125179376788
-1.0438046192049282
-0.5260328550000001
-1.819916353624868
-1.04319
1.69833
-0.99923
0.55089
-0.7546079457779401
1.85649
1.5143976467999474
0.38862436594134886
-1.1293405068
0.8595514128561814
-1.0747432709999998
-1.0795444951388806
1.0
1.0
1.0
1.0
1.0
0.8090143071672177
-1.411186252400127
-1.1906901690732123
1.2085630979435338
2.33315896734124
0.9852722703870636
2.265868426098148
0.647336442445487
-0.5836095412002542
-1.6009685746253832
-1.4818749269834308
-0.9593907644094776
2.118970804320266
-0.8080326864350628
1.262144966251198
-0.7772406133
0.6477102271369507
-0.7668427917821441
1.4152958384260694
1.5709578949999998
1.0
1.0
1.0
1.0
1.0
