[[[[ 0.          0.          3.7228875   0.          1.        ]
   [ 0.          0.          1.11976636  0.          1.        ]
   [ 0.          0.         -1.23182975  0.          1.        ]
   [ 0.          0.         -0.78253164  0.          1.        ]
   [ 0.          0.         -3.03687449  0.          1.        ]]]]
[[[[[ 0.          0.          2.4621215   0.          1.        ]
    [ 0.          0.         -1.67262772  0.          1.        ]
    [ 0.          0.         -1.46604771  0.          1.        ]
    [ 0.          0.          0.4702744   0.          1.        ]
    [ 0.          0.          2.07460148  0.          1.        ]]

   [[ 0.          0.         -0.71247656  0.          1.        ]
    [ 0.          0.         -0.95627321  0.          1.        ]
    [ 0.          0.         -1.50659845  0.          1.        ]
    [ 0.          0.         -0.94868427  0.          1.        ]
    [ 0.          0.          1.35828062  0.          1.        ]]

   [[ 0.          0.         -1.86169546  0.          1.        ]
    [ 0.          0.         -1.47616718  0.          1.        ]
    [ 0.          0.          2.74243657  0.          1.        ]
    [ 0.          0.          1.17926614  0.          1.        ]
    [ 0.          0.         -0.51712271  0.          1.        ]]

   [[ 0.          0.          1.03211453  0.          1.        ]
    [ 0.          0.          0.89372     0.          1.        ]
    [ 0.          0.          1.04155     0.          1.        ]
    [ 0.          0.          3.33384354  0.          1.        ]
    [ 0.          0.         -1.73052181  0.          1.        ]]

   [[ 0.          0.          3.22656671  0.          1.        ]
    [ 0.          0.          2.00348754  0.          1.        ]
    [ 0.          0.          1.01589743  0.          1.        ]
    [ 0.          0.         -1.02169     0.          1.        ]
    [ 0.          0.          1.01843     0.          1.        ]]]


  [[[ 0.          0.          1.79381877  0.          1.        ]
    [ 0.          0.          0.65216753  0.          1.        ]
    [ 0.          0.         -0.30619012  0.          1.        ]
    [ 0.          0.          0.47264842  0.          1.        ]
    [ 0.          0.         -0.55112009  0.          1.        ]]

   [[ 0.          0.          2.66369835  0.          1.        ]
    [ 0.          0.          1.01709568  0.          1.        ]
    [ 0.          0.         -0.97495     0.          1.        ]
    [ 0.          0.         -0.91810713  0.          1.        ]
    [ 0.          0.         -1.90697646  0.          1.        ]]

   [[ 0.          0.         -1.06124288  0.          1.        ]
    [ 0.          0.         -1.67848137  0.          1.        ]
    [ 0.          0.          1.13469325  0.          1.        ]
    [ 0.          0.         -0.97046     0.          1.        ]
    [ 0.          0.          0.97424884  0.          1.        ]]

   [[ 0.          0.          1.          0.          1.        ]
    [ 0.          0.          1.          0.          1.        ]
    [ 0.          0.          1.          0.          1.        ]
    [ 0.          0.          1.          0.          1.        ]
    [ 0.          0.          1.          0.          1.        ]]

   [[ 0.          0.          1.          0.          1.        ]
    [ 0.          0.          1.          0.          1.        ]
    [ 0.          0.          1.          0.          1.        ]
    [ 0.          0.          1.          0.          1.        ]
    [ 0.          0.          1.          0.          1.        ]]]


  [[[ 0.          0.         10.89542063  0.          1.        ]
    [ 0.          0.          2.0341387   0.          1.        ]
    [ 0.          0.         -1.36630137  0.          1.        ]
    [ 0.          0.          1.04802177  0.          1.        ]
    [ 0.          0.         -0.7277183   0.          1.        ]]

   [[ 0.          0.         -0.86463489  0.          1.        ]
    [ 0.          0.          0.59778698  0.          1.        ]
    [ 0.          0.          1.03273196  0.          1.        ]
    [ 0.          0.          1.06705096  0.          1.        ]
    [ 0.          0.          1.93517619  0.          1.        ]]

   [[ 0.          0.          1.06318822  0.          1.        ]
    [ 0.          0.         -0.91792     0.          1.        ]
    [ 0.          0.          0.98517913  0.          1.        ]
    [ 0.          0.         -1.18785775  0.          1.        ]
    [ 0.          0.          0.94439338  0.          1.        ]]

   [[ 0.          0.         -1.01148755  0.          1.        ]
    [ 0.          0.         -1.85521781  0.          1.        ]
    [ 0.          0.          0.96195     0.          1.        ]
    [ 0.          0.          1.02813277  0.          1.        ]
    [ 0.          0.          0.95114207  0.          1.        ]]

   [[ 0.          0.          1.          0.          1.        ]
    [ 0.          0.          1.          0.          1.        ]
    [ 0.          0.          1.          0.          1.        ]
    [ 0.          0.          1.          0.          1.        ]
    [ 0.          0.          1.          0.          1.        ]]]]]